0 0
0.0627905 0.01
0.125333 0.02
0.187381 0.03
0.24869 0.04
0.309017 0.05
0.368125 0.06
0.425779 0.07
0.481754 0.08
0.535827 0.09
0.587785 0.1
0.637424 0.11
0.684547 0.12
0.728969 0.13
0.770513 0.14
0.809017 0.15
0.8448 0.16
0.876307 0.17
0.904827 0.18
0.929776 0.19
0.951057 0.2
0.968583 0.21
0.982287 0.22
0.992115 0.23
0.998027 0.24
1 0.25
0.998027 0.26
0.992115 0.27
0.982287 0.28
0.968583 0.29
0.951057 0.3
0.929776 0.31
0.904827 0.
0.876307 0.33
0.8448 0.34
0.809017 0.35
0.770513 0.36
0.728969 0.37
0.684547 0.38
0.637424 0.39
0.587785 0.4
0.535827 0.41
0.481754 0.42
0.425779 0.43
0.368125 0.44
0.309017 0.45
0.24869 0.46
0.187381 0.47
0.125333 0.48
0.0627905 0.49
1.22465e-16 0.5
-0.0627905 0.51
-0.125333 0.52
-0.187381 0.53
-0.24869 0.54
-0.309017 0.55
-0.368125 0.56
-0.425779 0.57
-0.481754 0.58
-0.535827 0.59
-0.587785 0.6
-0.637424 0.61
-0.684547 0.62
-0.728969 0.63
-0.770513 0.64
-0.809017 0.65
-0.8448 0.66
-0.876307 0.67
-0.904827 0.68
-0.929776 0.69
-0.951057 0.7
-0.968583 0.71
-0.982287 0.72
-0.992115 0.73
-0.998027 0.74
-1 0.75
-0.998027 0.76
-0.992115 0.77
-0.982287 0.78
-0.968583 0.79
-0.951057 0.8
-0.929776 0.81
-0.904827 0.82
-0.876307 0.83
-0.8448 0.84
-0.809017 0.85
-0.770513 0.86
-0.728969 0.87
-0.684547 0.88
-0.637424 0.89
-0.587785 0.9
-0.535827 0.91
-0.481754 0.92
-0.425779 0.93
-0.368125 0.94
-0.309017 0.95
-0.24869 0.96
-0.187381 0.97
-0.125333 0.98
-0.0627905 0.99
-2.44929e-16 1
0.0627905 1.01
0.125333 1.02
0.187381 1.03
0.24869 1.04
0.309017 1.05
0.368125 1.06
0.425779 1.07
0.481754 1.08
0.535827 1.09
0.587785 1.1
0.637424 1.11
0.684547 1.12
0.728969 1.13
0.770513 1.14
0.809017 1.15
0.8448 1.16
0.876307 1.17
0.904827 1.18
0.929776 1.19
0.951057 1.2
0.968583 1.21
0.982287 1.22
0.992115 1.23
0.998027 1.24
1 1.25
0.998027 1.26
0.992115 1.27
0.982287 1.28
0.968583 1.29
0.951057 1.3
0.929776 1.31
0.904827 1.
0.876307 1.33
0.8448 1.34
0.809017 1.35
0.770513 1.36
0.728969 1.37
0.684547 1.38
0.637424 1.39
0.587785 1.4
0.535827 1.41
0.481754 1.42
0.425779 1.43
0.368125 1.44
0.309017 1.45
0.24869 1.46
0.187381 1.47
0.125333 1.48
0.0627905 1.49
3.67394e-16 1.5
-0.0627905 1.51
-0.125333 1.52
-0.187381 1.53
-0.24869 1.54
-0.309017 1.55
-0.368125 1.56
-0.425779 1.57
-0.481754 1.58
-0.535827 1.59
-0.587785 1.6
-0.637424 1.61
-0.684547 1.62
-0.728969 1.63
-0.770513 1.64
-0.809017 1.65
-0.844328 1.66
-0.876307 1.67
-0.904827 1.68
-0.929776 1.69
-0.951057 1.7
-0.968583 1.71
-0.982287 1.72
-0.992115 1.73
-0.998027 1.74
-1 1.75
-0.998027 1.76
-0.992115 1.77
-0.982287 1.78
-0.968583 1.79
-0.951057 1.8
-0.929776 1.81
-0.904827 1.82
-0.876307 1.83
-0.844328 1.84
-0.809017 1.85
-0.770513 1.86
-0.728969 1.87
-0.684547 1.88
-0.637424 1.89
-0.587785 1.9
-0.535827 1.91
-0.481754 1.92
-0.425779 1.93
-0.368125 1.94
-0.309017 1.95
-0.24869 1.96
-0.187381 1.97
-0.125333 1.98
-0.0627905 1.99